#class posx posy h rad r g b
0 10.1288590676 -13.7394600747 4.18837091909 walk 1 0.454686697258 0.0593874128579 0.374428750437
0 10.1728176454 -13.6904394064 4.18837091909 walk 2 0.454686697258 0.0593874128579 0.374428750437
0 10.2317343503 -13.624738094 4.18837091909 walk 3 0.454686697258 0.0593874128579 0.374428750437
0 10.3022851541 -13.5460629474 4.18837091909 walk 4 0.454686697258 0.0593874128579 0.374428750437
0 10.3818847015 -13.4572970407 4.18837091909 walk 5 0.454686697258 0.0593874128579 0.374428750437
0 10.4685221606 -13.3606827652 4.18837091909 walk 6 0.454686697258 0.0593874128579 0.374428750437
0 10.5606335509 -13.2579642027 4.18837091909 walk 7 0.454686697258 0.0593874128579 0.374428750437
0 10.6570024434 -13.1504978616 4.18837091909 walk 8 0.454686697258 0.0593874128579 0.374428750437
0 10.7566827265 -13.0393388037 4.18837091909 walk 9 0.454686697258 0.0593874128579 0.374428750437
0 10.8589385355 -12.9253076327 4.18837091909 walk 10 0.454686697258 0.0593874128579 0.374428750437
0 10.9631975314 -12.809042596 4.18837091909 walk 11 0.454686697258 0.0593874128579 0.374428750437
0 11.0690145615 -12.6910401082 4.18837091909 walk 12 0.454686697258 0.0593874128579 0.374428750437
0 11.1760433961 -12.5716862696 4.18837091909 walk 13 0.454686697258 0.0593874128579 0.374428750437
0 11.2840147451 -12.4512813803 4.18837091909 walk 14 0.454686697258 0.0593874128579 0.374428750437
0 11.3927191611 -12.3300590071 4.18837091909 walk 15 0.454686697258 0.0593874128579 0.374428750437
0 11.5019937401 -12.2082008132 4.18837091909 walk 16 0.454686697258 0.0593874128579 0.374428750437
0 11.6117117793 -12.085848092 4.18837091909 walk 17 0.454686697258 0.0593874128579 0.374428750437
0 11.7217747321 -11.9631107385 4.18837091909 walk 18 0.454686697258 0.0593874128579 0.374428750437
0 11.8321059509 -11.8400742265 4.18837091909 walk 19 0.454686697258 0.0593874128579 0.374428750437
0 11.942645821 -11.7168050357 4.18837091909 walk 20 0.454686697258 0.0593874128579 0.374428750437
0 12.0533479756 -11.5933548725 4.18837091909 walk 21 0.454686697258 0.0593874128579 0.374428750437
0 12.1641763513 -11.469763953 4.18837091909 walk 22 0.454686697258 0.0593874128579 0.374428750437
0 12.2751028991 -11.3460635563 4.18837091909 walk 23 0.454686697258 0.0593874128579 0.374428750437
0 12.3861058029 -11.2222780108 4.18837091909 walk 24 0.454686697258 0.0593874128579 0.374428750437
0 12.5291349966 -11.0627781585 4.18837091909 walk 25 0.454686697258 0.0593874128579 0.374428750437
0 12.6154705885 -10.9294634749 3.29273974064 walk 26 0.454686697258 0.0593874128579 0.374428750437
0 12.6821512336 -10.7887402124 2.53535769955 walk 27 0.454686697258 0.0593874128579 0.374428750437
0 12.7331648844 -10.6422614827 1.92015210747 walk 28 0.454686697258 0.0593874128579 0.374428750437
0 12.7716848765 -10.4913146302 1.43157247206 walk 29 0.454686697258 0.0593874128579 0.374428750437
0 12.8002368437 -10.3369012595 1.04760135411 walk 30 0.454686697258 0.0593874128579 0.374428750437
0 12.8208314565 -10.1798000518 0.746839531657 walk 31 0.454686697258 0.0593874128579 0.374428750437
0 12.8350699423 -10.0206159628 0.511131394679 walk 32 0.454686697258 0.0593874128579 0.374428750437
0 12.8442279477 -9.85981869054 0.325968723285 walk 33 0.454686697258 0.0593874128579 0.374428750437
0 12.8493221783 -9.69777270901 0.180061125512 walk 34 0.454686697258 0.0593874128579 0.374428750437
0 12.8511633491 -9.53476069058 0.0647110750101 walk 35 0.454686697258 0.0593874128579 0.374428750437
0 12.8503982588 -9.3710017541 -0.0267686930406 walk 36 0.454686697258 0.0593874128579 0.374428750437
0 12.8475432254 -9.20666567001 -0.0995307339685 walk 37 0.454686697258 0.0593874128579 0.374428750437
0 12.8430106607 -9.0418839102 -0.157560739138 walk 38 0.454686697258 0.0593874128579 0.374428750437
0 12.8371301968 -8.87675823803 -0.20395583276 walk 39 0.454686697258 0.0593874128579 0.374428750437
0 12.8301654852 -8.71136738224 -0.241133619131 walk 40 0.454686697258 0.0593874128579 0.374428750437
0 12.8223275597 -8.54577221963 -0.270989281036 walk 41 0.454686697258 0.0593874128579 0.374428750437
0 12.8137854701 -8.3800197977 -0.295014141252 walk 42 0.454686697258 0.0593874128579 0.374428750437
0 12.8046747464 -8.21414645554 -0.314385676439 walk 43 0.454686697258 0.0593874128579 0.374428750437
0 12.7951041398 -8.04818024421 -0.330036304209 walk 44 0.454686697258 0.0593874128579 0.374428750437
0 12.7851609936 -7.88214280289 -0.342706286865 walk 45 0.454686697258 0.0593874128579 0.374428750437
0 12.7749155249 -7.71605081277 -0.352984662025 walk 46 0.454686697258 0.0593874128579 0.374428750437
0 12.764424239 -7.5499171232 -0.361341079134 walk 47 0.454686697258 0.0593874128579 0.374428750437
0 12.7537326541 -7.38375162361 -0.368150678462 walk 48 0.454686697258 0.0593874128579 0.374428750437
0 12.7428774775 -7.21756191841 -0.373713611968 walk 49 0.454686697258 0.0593874128579 0.374428750437
0 12.7318883433 -7.05135384906 -0.37827041354 walk 50 0.454686697258 0.0593874128579 0.374428750437
0 12.7207892017 -6.88513189787 -0.382014137722 walk 51 0.454686697258 0.0593874128579 0.374428750437
0 12.7095994309 -6.71889950009 -0.385099971738 walk 52 0.454686697258 0.0593874128579 0.374428750437
0 12.6983347253 -6.5526592851 -0.38765286502 walk 53 0.454686697258 0.0593874128579 0.374428750437
0 12.6870078081 -6.38641326265 -0.389773598987 walk 54 0.454686697258 0.0593874128579 0.374428750437
0 12.6756290008 -6.22016296671 -0.391543627527 walk 55 0.454686697258 0.0593874128579 0.374428750437
0 12.6642066793 -6.05390956647 -0.393028948169 walk 56 0.454686697258 0.0593874128579 0.374428750437
0 12.6527476383 -5.88765395203 -0.394283210285 walk 57 0.454686697258 0.0593874128579 0.374428750437
0 12.6412573819 -5.72139680063 -0.395350226507 walk 58 0.454686697258 0.0593874128579 0.374428750437
0 12.6297403535 -5.55513862785 -0.396266025017 walk 59 0.454686697258 0.0593874128579 0.374428750437
0 12.6182001152 -5.38887982746 -0.397060563693 walk 60 0.454686697258 0.0593874128579 0.374428750437
0 12.6066394829 -5.22262070268 -0.397759225987 walk 61 0.454686697258 0.0593874128579 0.374428750437
0 12.5950606201 -5.05636149138 -0.398384245181 walk 62 0.454686697258 0.0593874128579 0.374428750437
0 12.5834650846 -4.8901023875 -0.398956294618 walk 63 0.454686697258 0.0593874128579 0.374428750437
0 12.5718538093 -4.72384356157 -0.399496753546 walk 64 0.454686697258 0.0593874128579 0.374428750437
0 12.5602269566 -4.55758518601 -0.400032049587 walk 65 0.454686697258 0.0593874128579 0.374428750437
0 12.5485834414 -4.39132748049 -0.400605080033 walk 66 0.454686697258 0.0593874128579 0.374428750437
0 12.5291349966 -4.11584202752 -0.400605080033 walk 67 0.454686697258 0.0593874128579 0.374428750437
0 12.4845034445 -3.99683227457 -2.05572670362 walk 68 0.454686697258 0.0593874128579 0.374428750437
0 12.4146014913 -3.91582378221 -4.07907976894 walk 69 0.454686697258 0.0593874128579 0.374428750437
0 12.3253808509 -3.86534907706 -6.05018994166 walk 70 0.454686697258 0.0593874128579 0.374428750437
0 12.2214234972 -3.83939905475 -7.5984152662 walk 71 0.454686697258 0.0593874128579 0.374428750437
0 12.1062518769 -3.83314987337 -8.68941918616 walk 72 0.454686697258 0.0593874128579 0.374428750437
0 11.982570363 -3.84273541793 -9.44316693548 walk 73 0.454686697258 0.0593874128579 0.374428750437
0 11.8524525426 -3.86506033844 -9.9735709526 walk 74 0.454686697258 0.0593874128579 0.374428750437
0 11.7174861818 -3.89764785257 -10.3574215948 walk 75 0.454686697258 0.0593874128579 0.374428750437
0 11.5788852724 -3.93851664965 -10.6429034536 walk 76 0.454686697258 0.0593874128579 0.374428750437
0 11.4375765459 -3.98608179193 -10.8603460605 walk 77 0.454686697258 0.0593874128579 0.374428750437
0 11.294266219 -4.03907520431 -11.0293427787 walk 78 0.454686697258 0.0593874128579 0.374428750437
0 11.1494914555 -4.09648204269 -11.1629572365 walk 79 0.454686697258 0.0593874128579 0.374428750437
0 11.0036600217 -4.15748987114 -11.2701744849 walk 80 0.454686697258 0.0593874128579 0.374428750437
0 10.8570808327 -4.22144813886 -11.3573537151 walk 81 0.454686697258 0.0593874128579 0.374428750437
0 10.7099874818 -4.28783592496 -11.4291131184 walk 82 0.454686697258 0.0593874128579 0.374428750437
0 10.5625563733 -4.3562363202 -11.4888857243 walk 83 0.454686697258 0.0593874128579 0.374428750437
0 10.414920722 -4.42631614986 -11.5392800749 walk 84 0.454686697258 0.0593874128579 0.374428750437
0 10.2671814103 -4.49781002711 -11.5823227304 walk 85 0.454686697258 0.0593874128579 0.374428750437
0 10.1194154968 -4.57050797835 -11.6196287539 walk 86 0.454686697258 0.0593874128579 0.374428750437
0 9.97168304357 -4.64424613228 -11.6525300572 walk 87 0.454686697258 0.0593874128579 0.374428750437
0 9.8240328936 -4.71890026911 -11.6821847268 walk 88 0.454686697258 0.0593874128579 0.374428750437
0 9.67650815471 -4.79438254266 -11.7096937662 walk 89 0.454686697258 0.0593874128579 0.374428750437
0 9.52915268778 -4.87064286917 -11.7362752439 walk 90 0.454686697258 0.0593874128579 0.374428750437
0 9.38202189054 -4.94768009453 -11.763641378 walk 91 0.454686697258 0.0593874128579 0.374428750437
0 9.23521016837 -5.02558387965 -11.7952092005 walk 92 0.454686697258 0.0593874128579 0.374428750437
0 9.08312912591 -5.11372157841 -11.7952092005 walk 93 0.454686697258 0.0593874128579 0.374428750437
0 8.96894223089 -5.21135044832 -13.0530174294 walk 94 0.454686697258 0.0593874128579 0.374428750437
0 8.8819066306 -5.32427842435 -14.2377919224 walk 95 0.454686697258 0.0593874128579 0.374428750437
0 8.81748968969 -5.44900303709 -15.2684851014 walk 96 0.454686697258 0.0593874128579 0.374428750437
0 8.77194939335 -5.58276610123 -16.1198604747 walk 97 0.454686697258 0.0593874128579 0.374428750437
0 8.74220510754 -5.7234035723 -16.8058142435 walk 98 0.454686697258 0.0593874128579 0.374428750437
0 8.72572757987 -5.86922215146 -17.355291405 walk 99 0.454686697258 0.0593874128579 0.374428750437
0 8.72044638844 -6.01889913023 -17.7979218275 walk 100 0.454686697258 0.0593874128579 0.374428750437
0 8.72467303831 -6.17140170965 17.8412438518 walk 101 0.454686697258 0.0593874128579 0.374428750437
0 8.73703803966 -6.32592219618 17.5424839892 walk 102 0.454686697258 0.0593874128579 0.374428750437
0 8.7564406299 -6.48182578093 17.2905872794 walk 103 0.454686697258 0.0593874128579 0.374428750437
0 8.78201041156 -6.63860785226 17.0737113075 walk 104 0.454686697258 0.0593874128579 0.374428750437
0 8.81308132044 -6.79585776109 16.8822936082 walk 105 0.454686697258 0.0593874128579 0.374428750437
0 8.84918075947 -6.95322521102 16.7080116235 walk 106 0.454686697258 0.0593874128579 0.374428750437
0 8.89004281733 -7.11038262773 16.5425398084 walk 107 0.454686697258 0.0593874128579 0.374428750437
0 8.93567327055 -7.26696659461 16.3753241465 walk 108 0.454686697258 0.0593874128579 0.374428750437
0 8.98657067335 -7.42243445863 16.1872477275 walk 109 0.454686697258 0.0593874128579 0.374428750437
0 9.08312912591 -7.58931009298 16.1872477275 stand 110 0.454686697258 0.0593874128579 0.374428750437
0 9.12271599475 -7.67319250574 15.4735834494 walk 111 0.454686697258 0.0593874128579 0.374428750437
0 9.15293300506 -7.70140177455 13.3031881065 walk 112 0.454686697258 0.0593874128579 0.374428750437
0 9.17543639616 -7.68631874804 5.61678038769 walk 113 0.454686697258 0.0593874128579 0.374428750437
0 9.19161096367 -7.63757428672 1.83570675412 walk 114 0.454686697258 0.0593874128579 0.374428750437
0 9.20260070196 -7.56265905663 0.834551717061 walk 115 0.454686697258 0.0593874128579 0.374428750437
0 9.20934356821 -7.46739861366 0.404884205436 walk 116 0.454686697258 0.0593874128579 0.374428750437
0 9.21260478148 -7.35632325774 0.168174201474 walk 117 0.454686697258 0.0593874128579 0.374428750437
0 9.213006518 -7.23295585076 0.0186578664655 walk 118 0.454686697258 0.0593874128579 0.374428750437
0 9.21105341342 -7.10003574369 -0.0841833482668 walk 119 0.454686697258 0.0593874128579 0.374428750437
0 9.20715397288 -6.95969297279 -0.159156054812 walk 120 0.454686697258 0.0593874128579 0.374428750437
0 9.20163827341 -6.81358375905 -0.216191913906 walk 121 0.454686697258 0.0593874128579 0.374428750437
0 9.19477242929 -6.66299590396 -0.261051360797 walk 122 0.454686697258 0.0593874128579 0.374428750437
0 9.18677028027 -6.50893077125 -0.297327321652 walk 123 0.454686697258 0.0593874128579 0.374428750437
0 9.17780270182 -6.35216706285 -0.327400424498 walk 124 0.454686697258 0.0593874128579 0.374428750437
0 9.16800484091 -6.19331044565 -0.352938306895 walk 125 0.454686697258 0.0593874128579 0.374428750437
0 9.15748144138 -6.03283219471 -0.375181280217 walk 126 0.454686697258 0.0593874128579 0.374428750437
0 9.14631018499 -5.8710993367 -0.395127397918 walk 127 0.454686697258 0.0593874128579 0.374428750437
0 9.13454246546 -5.70839827896 -0.413684241851 walk 128 0.454686697258 0.0593874128579 0.374428750437
0 9.12219962295 -5.54495362273 -0.431860577101 walk 129 0.454686697258 0.0593874128579 0.374428750437
0 9.10925769223 -5.38094404811 -0.45118381575 walk 130 0.454686697258 0.0593874128579 0.374428750437
0 9.08312912591 -5.11372157841 -0.45118381575 walk 131 0.454686697258 0.0593874128579 0.374428750437
0 9.07306317979 -5.02319561297 -0.634488416472 walk 132 0.454686697258 0.0593874128579 0.374428750437
0 9.06537939248 -4.98982328083 -1.29660547426 walk 133 0.454686697258 0.0593874128579 0.374428750437
0 9.05965600269 -5.00090319617 -15.2681142043 walk 134 0.454686697258 0.0593874128579 0.374428750437
0 9.05554033607 -5.04655642229 -17.484867504 walk 135 0.454686697258 0.0593874128579 0.374428750437
0 9.05274108897 -5.11909934424 -17.7790197752 walk 136 0.454686697258 0.0593874128579 0.374428750437
0 9.0510194845 -5.21255585174 -17.8944647976 walk 137 0.454686697258 0.0593874128579 0.374428750437
0 9.05018077871 -5.32227790403 -17.9562044593 walk 138 0.454686697258 0.0593874128579 0.374428750437
0 9.05006668003 -5.44465040405 -17.9946578103 walk 139 0.454686697258 0.0593874128579 0.374428750437
0 9.05054883816 -5.57686165192 17.9791050277 walk 140 0.454686697258 0.0593874128579 0.374428750437
0 9.05152337806 -5.71672480684 17.9600780352 walk 141 0.454686697258 0.0593874128579 0.374428750437
0 9.05290638064 -5.86253902344 17.9456583613 walk 142 0.454686697258 0.0593874128579 0.374428750437
0 9.05463018938 -6.01298144625 17.9343518658 walk 143 0.454686697258 0.0593874128579 0.374428750437
0 9.05664042423 -6.16702320507 17.9252336274 walk 144 0.454686697258 0.0593874128579 0.374428750437
0 9.05889359921 -6.32386407741 17.9176945812 walk 145 0.454686697258 0.0593874128579 0.374428750437
0 9.06135526328 -6.48288166906 17.9113106324 walk 146 0.454686697258 0.0593874128579 0.374428750437
0 9.06399861696 -6.6435918854 17.9057686825 walk 147 0.454686697258 0.0593874128579 0.374428750437
0 9.06680361106 -6.80561818202 17.9008196358 walk 148 0.454686697258 0.0593874128579 0.374428750437
0 9.06975664457 -6.96866763843 17.8962413833 walk 149 0.454686697258 0.0593874128579 0.374428750437
0 9.07285127034 -7.13251232532 17.8917951388 walk 150 0.454686697258 0.0593874128579 0.374428750437
0 9.07609131634 -7.29697474756 17.8871371666 walk 151 0.454686697258 0.0593874128579 0.374428750437
0 9.07950273975 -7.46191627362 17.8815141922 walk 152 0.454686697258 0.0593874128579 0.374428750437
0 9.08312912591 -7.58931009298 17.8815141922 stand 153 0.454686697258 0.0593874128579 0.374428750437
0 9.08578245522 -7.68056090955 17.8334461502 walk 154 0.454686697258 0.0593874128579 0.374428750437
0 9.08780787081 -7.71449674963 17.6584429148 walk 155 0.454686697258 0.0593874128579 0.374428750437
0 9.08931656524 -7.70385431481 0.806860916025 walk 156 0.454686697258 0.0593874128579 0.374428750437
0 9.09040151855 -7.65853993414 0.137155954528 walk 157 0.454686697258 0.0593874128579 0.374428750437
0 9.09113952987 -7.58625853004 0.0584983994325 walk 158 0.454686697258 0.0593874128579 0.374428750437
0 9.09159354853 -7.49300281752 0.0278944277189 walk 159 0.454686697258 0.0593874128579 0.374428750437
0 9.0918149137 -7.383433794 0.0115756012173 walk 160 0.454686697258 0.0593874128579 0.374428750437
0 9.09184535346 -7.26117667653 0.00142655862416 walk 161 0.454686697258 0.0593874128579 0.374428750437
0 9.09171870178 -7.12905107543 -0.00549220179029 walk 162 0.454686697258 0.0593874128579 0.374428750437
0 9.09146234006 -6.98925001838 -0.0105066646109 walk 163 0.454686697258 0.0593874128579 0.374428750437
0 9.09109838891 -6.84347919143 -0.0143052088814 walk 164 0.454686697258 0.0593874128579 0.374428750437
0 9.0906446822 -6.69306523761 -0.0172825724764 walk 165 0.454686697258 0.0593874128579 0.374428750437
0 9.09011555461 -6.53903998917 -0.0196829148371 walk 166 0.454686697258 0.0593874128579 0.374428750437
0 9.08952247009 -6.3822059816 -0.0216669068526 walk 167 0.454686697258 0.0593874128579 0.374428750437
0 9.08887451249 -6.22318740909 -0.0233463485713 walk 168 0.454686697258 0.0593874128579 0.374428750437
0 9.08817875115 -6.06246975671 -0.0248037092762 walk 169 0.454686697258 0.0593874128579 0.374428750437
0 9.08744048 -5.90043062573 -0.0261045145116 walk 170 0.454686697258 0.0593874128579 0.374428750437
0 9.08666330031 -5.73736370964 -0.0273070588708 walk 171 0.454686697258 0.0593874128579 0.374428750437
0 9.08584894203 -5.57349744369 -0.0284737727763 walk 172 0.454686697258 0.0593874128579 0.374428750437
0 9.08499646254 -5.40900951447 -0.0296939965475 walk 173 0.454686697258 0.0593874128579 0.374428750437
0 9.08312912591 -5.11372157841 -0.0296939965475 walk 174 0.454686697258 0.0593874128579 0.374428750437
0 9.0824660863 -5.02282355939 -0.041792657213 walk 175 0.454686697258 0.0593874128579 0.374428750437
0 9.08195995717 -4.98916213595 -0.0861427566231 walk 176 0.454686697258 0.0593874128579 0.374428750437
0 9.08158295505 -5.00001806213 -17.8011044621 walk 177 0.454686697258 0.0593874128579 0.374428750437
0 9.08131184749 -5.0454985907 -17.965846626 walk 178 0.454686697258 0.0593874128579 0.374428750437
0 9.08112744501 -5.11790936273 -17.9854089926 walk 179 0.454686697258 0.0593874128579 0.374428750437
0 9.08101401854 -5.21126587697 -17.9930386705 walk 180 0.454686697258 0.0593874128579 0.374428750437
0 9.08095873985 -5.32091352155 -17.9971114423 walk 181 0.454686697258 0.0593874128579 0.374428750437
0 9.08095118208 -5.44323204298 -17.9996459828 walk 182 0.454686697258 0.0593874128579 0.374428750437
0 9.08098289076 -5.57540568871 17.9986254643 walk 183 0.454686697258 0.0593874128579 0.374428750437
0 9.08104702374 -5.71524442918 17.9973722956 walk 184 0.454686697258 0.0593874128579 0.374428750437
0 9.08113805337 -5.86104490817 17.9964227739 walk 185 0.454686697258 0.0593874128579 0.374428750437
0 9.08125152321 -6.01148229317 17.9956783736 walk 186 0.454686697258 0.0593874128579 0.374428750437
0 9.08138385128 -6.16552615899 17.9950781304 walk 187 0.454686697258 0.0593874128579 0.374428750437
0 9.08153217309 -6.32237506383 17.9945819124 walk 188 0.454686697258 0.0593874128579 0.374428750437
0 9.08169421909 -6.48140566411 17.9941617846 walk 189 0.454686697258 0.0593874128579 0.374428750437
0 9.0818682235 -6.64213313696 17.9937971312 walk 190 0.454686697258 0.0593874128579 0.374428750437
0 9.08205286472 -6.80418039784 17.9934715601 walk 191 0.454686697258 0.0593874128579 0.374428750437
0 9.08224724513 -6.96725415854 17.9931704696 walk 192 0.454686697258 0.0593874128579 0.374428750437
0 9.08245093678 -7.13112630558 17.9928781882 walk 193 0.454686697258 0.0593874128579 0.374428750437
0 9.08266418461 -7.2956194164 17.9925722156 walk 194 0.454686697258 0.0593874128579 0.374428750437
0 9.08288867724 -7.46059549322 17.9922034319 walk 195 0.454686697258 0.0593874128579 0.374428750437
0 9.08312912591 -7.58931009298 17.9922034319 stand 196 0.454686697258 0.0593874128579 0.374428750437
0 9.08330373128 -7.68058778236 17.9890398858 walk 197 0.454686697258 0.0593874128579 0.374428750437
0 9.0834370161 -7.71454450382 17.9775107309 walk 198 0.454686697258 0.0593874128579 0.374428750437
0 9.08353629756 -7.7039182504 0.0535300904731 walk 199 0.454686697258 0.0593874128579 0.374428750437
0 9.08360769436 -7.65861635004 0.00902993375008 walk 200 0.454686697258 0.0593874128579 0.374428750437
0 9.08365626037 -7.58634450227 0.00385022261677 walk 201 0.454686697258 0.0593874128579 0.374428750437
0 9.08368613807 -7.49309602893 0.00183581124731 walk 202 0.454686697258 0.0593874128579 0.374428750437
0 9.0837007059 -7.38353240252 0.000761817785438 walk 203 0.454686697258 0.0593874128579 0.374428750437
0 9.08370270983 -7.26127921279 9.39171578877e-05 walk 204 0.454686697258 0.0593874128579 0.374428750437
0 9.08369437634 -7.12915636284 -0.000361386006538 walk 205 0.454686697258 0.0593874128579 0.374428750437
0 9.08367750731 -6.98935711063 -0.00069136603055 walk 206 0.454686697258 0.0593874128579 0.374428750437
0 9.08365355839 -6.84358732345 -0.000941327959534 walk 207 0.454686697258 0.0593874128579 0.374428750437
0 9.08362370317 -6.69317378698 -0.00113725003489 walk 208 0.454686697258 0.0593874128579 0.374428750437
0 9.08358888496 -6.53914844562 -0.00129520022301 walk 209 0.454686697258 0.0593874128579 0.374428750437
0 9.08354985815 -6.38231392278 -0.00142575190569 walk 210 0.454686697258 0.0593874128579 0.374428750437
0 9.08350722053 -6.22329448113 -0.00153626222125 walk 211 0.454686697258 0.0593874128579 0.374428750437
0 9.08346143732 -6.06257565829 -0.00163215799981 walk 212 0.454686697258 0.0593874128579 0.374428750437
0 9.08341285689 -5.90053509465 -0.00171775093738 walk 213 0.454686697258 0.0593874128579 0.374428750437
0 9.08336171628 -5.73746651052 -0.001796876627 walk 214 0.454686697258 0.0593874128579 0.374428750437
0 9.08330812938 -5.57359835507 -0.00187364228531 walk 215 0.454686697258 0.0593874128579 0.374428750437
0 9.0832520343 -5.40910831105 -0.00195392439203 walk 216 0.454686697258 0.0593874128579 0.374428750437
0 9.08312912591 -5.11372157841 -0.00195392439203 walk 217 0.454686697258 0.0593874128579 0.374428750437
0 9.0830854964 -5.02282191454 -0.00275005011427 walk 218 0.454686697258 0.0593874128579 0.374428750437
0 9.08305219196 -4.989159213 -0.00566859822973 walk 219 0.454686697258 0.0593874128579 0.374428750437
0 9.08302738437 -5.00001414883 -17.9869057919 walk 220 0.454686697258 0.0593874128579 0.374428750437
0 9.08300954487 -5.0454939137 -17.9977525662 walk 221 0.454686697258 0.0593874128579 0.374428750437
0 9.08299741077 -5.11790410116 -17.9990398685 walk 222 0.454686697258 0.0593874128579 0.374428750437
0 9.08298994704 -5.21126017283 -17.9995419259 walk 223 0.454686697258 0.0593874128579 0.374428750437
0 9.08298630957 -5.32090748777 -17.9998099253 walk 224 0.454686697258 0.0593874128579 0.374428750437
0 9.08298581224 -5.44322576968 -17.9999767042 walk 225 0.454686697258 0.0593874128579 0.374428750437
0 9.08298789873 -5.57539924813 17.999909553 walk 226 0.454686697258 0.0593874128579 0.374428750437
0 9.08299211881 -5.71523787942 17.9998270917 walk 227 0.454686697258 0.0593874128579 0.374428750437
0 9.08299810874 -5.86103829625 17.9997646111 walk 228 0.454686697258 0.0593874128579 0.374428750437
0 9.08300557529 -6.01147565739 17.999715628 walk 229 0.454686697258 0.0593874128579 0.374428750437
0 9.08301428275 -6.16551953075 17.9996761307 walk 230 0.454686697258 0.0593874128579 0.374428750437
0 9.08302404263 -6.32236846916 17.9996434786 walk 231 0.454686697258 0.0593874128579 0.374428750437
0 9.0830347056 -6.48139912484 17.9996158333 walk 232 0.454686697258 0.0593874128579 0.374428750437
0 9.08304615545 -6.64212667172 17.9995918384 walk 233 0.454686697258 0.0593874128579 0.374428750437
0 9.08305830522 -6.80417402285 17.9995704152 walk 234 0.454686697258 0.0593874128579 0.374428750437
0 9.08307109585 -6.9672478884 17.9995506029 walk 235 0.454686697258 0.0593874128579 0.374428750437
0 9.08308449918 -7.13112015403 17.9995313703 walk 236 0.454686697258 0.0593874128579 0.374428750437
0 9.08309853132 -7.29561339749 17.9995112369 walk 237 0.454686697258 0.0593874128579 0.374428750437
0 9.08311330338 -7.46058962369 17.9994869705 walk 238 0.454686697258 0.0593874128579 0.374428750437
0 9.08312912591 -7.58931009298 17.9994869705 stand 239 0.454686697258 0.0593874128579 0.374428750437
0 9.08314061529 -7.68058789855 17.9992788028 walk 240 0.454686697258 0.0593874128579 0.374428750437
0 9.08314938569 -7.71454471028 17.998520158 walk 241 0.454686697258 0.0593874128579 0.374428750437
0 9.08315591861 -7.70391852681 0.00352251112322 walk 242 0.454686697258 0.0593874128579 0.374428750437
0 9.08316061666 -7.65861668042 0.000594188711723 walk 243 0.454686697258 0.0593874128579 0.374428750437
0 9.0831638124 -7.58634487396 0.00025335244925 walk 244 0.454686697258 0.0593874128579 0.374428750437
0 9.08316577841 -7.49309643191 0.000120800070858 walk 245 0.454686697258 0.0593874128579 0.374428750437
0 9.083166737 -7.38353282883 5.01290926187e-05 walk 246 0.454686697258 0.0593874128579 0.374428750437
0 9.08316686886 -7.26127965608 6.17969362598e-06 walk 247 0.454686697258 0.0593874128579 0.374428750437
0 9.0831663205 -7.12915681801 -2.37800100971e-05 walk 248 0.454686697258 0.0593874128579 0.374428750437
0 9.08316521049 -6.9893575736 -4.54932388131e-05 walk 249 0.454686697258 0.0593874128579 0.374428750437
0 9.0831636346 -6.84358779091 -6.19412044863e-05 walk 250 0.454686697258 0.0593874128579 0.374428750437